latitude=9.9151669
longitude=78.1529585
